0	1E-7	1E-7
1	1E-7	1E-7
2	1E-7	1E-7
3	1E-7	1E-7
4	1E-7	1E-7
5	1E-7	1E-7
6	1E-7	1E-7
7	1E-7	1E-7
8	1.0000999711E-7	1E-7
9	1.000351678E-7	1E-7
10	1.0007543604E-7	1E-7
11	1.0013072156E-7	1E-7
12	1.0020093634E-7	1E-7
13	1.0028598554E-7	1E-7
14	1.0038576749E-7	1E-7
15	1.0050017364E-7	1E-7
16	1.0062908849E-7	1E-7
17	1.0077238959E-7	1E-7
18	1.0092994743E-7	1E-7
19	1.0110162541E-7	1E-7
20	1.012872798E-7	1E-7
21	1.014867596E-7	1E-7
22	1.0169990659E-7	1E-7
23	1.0192655514E-7	1E-7
24	1.0216653224E-7	1E-7
25	1.0241965739E-7	1E-7
26	1.0268574254E-7	1E-7
27	1.0296459202E-7	1E-7
28	1.0325600249E-7	1E-7
29	1.0355976289E-7	1E-7
30	1.0387565436E-7	1E-7
31	1.0420345023E-7	1E-7
32	1.0454291592E-7	1E-7
33	1.0489380897E-7	1E-7
34	1.0525587894E-7	1E-7
35	1.0562886743E-7	1E-7
36	1.0601250808E-7	1E-7
37	1.064065265E-7	1E-7
38	1.0681064034E-7	1E-7
39	1.0722455927E-7	1E-7
40	1.0764798498E-7	1E-7
41	1.0808061129E-7	1E-7
42	1.085221241E-7	1E-7
43	1.0897220155E-7	1E-7
44	1.0943051399E-7	1E-7
45	1.0989672415E-7	1E-7
46	1.1037048719E-7	1E-7
47	1.1085145082E-7	1E-7
48	1.1133925544E-7	1E-7
49	1.1183353425E-7	1E-7
50	1.1233391345E-7	1E-7
51	1.1284001236E-7	1E-7
52	1.1335144363E-7	1E-7
53	1.1386781345E-7	1E-7
54	1.1438872171E-7	1E-7
55	1.1491376229E-7	1E-7
56	1.1544252328E-7	1E-7
57	1.1597458719E-7	1E-7
58	1.1650953128E-7	1E-7
59	1.1704692784E-7	1E-7
60	1.1758634442E-7	1E-7
61	1.1812734423E-7	1E-7
62	1.1866948639E-7	1E-7
63	1.1921232629E-7	1E-7
64	1.1975541595E-7	1E-7
65	1.2029830435E-7	1E-7
66	1.2084053783E-7	1E-7
67	1.2138166042E-7	1E-7
68	1.2192121429E-7	1E-7
69	1.2245874007E-7	1E-7
70	1.2299377732E-7	1E-7
71	1.2352586492E-7	1E-7
72	1.2405454146E-7	1E-7
73	1.2457934571E-7	1E-7
74	1.2509981701E-7	1E-7
75	1.2561549573E-7	1E-7
76	1.2612592371E-7	1E-7
77	1.2663064466E-7	1E-7
78	1.2712920467E-7	1E-7
79	1.2762115259E-7	1E-7
80	1.2810604051E-7	1E-7
81	1.2858342422E-7	1E-7
82	1.2905286363E-7	1E-7
83	1.2951392319E-7	1E-7
84	1.2996617241E-7	1E-7
85	1.3040918622E-7	1E-7
86	1.3084254547E-7	1E-7
87	1.3126583729E-7	1E-7
88	1.3167865559E-7	1E-7
89	1.3208060145E-7	1E-7
90	1.3247128353E-7	1E-7
91	1.3285031849E-7	1E-7
92	1.332173314E-7	1E-7
93	1.3357195609E-7	1E-7
94	1.3391383562E-7	1E-7
95	1.3424262257E-7	1E-7
96	1.3455797947E-7	1E-7
97	1.3485957913E-7	1E-7
98	1.3514710499E-7	1E-7
99	1.3542025147E-7	1E-7
100	1.3567872428E-7	1E-7
101	1.3592224075E-7	1E-7
102	1.3615053012E-7	1E-7
103	1.3636333386E-7	1E-7
104	1.365604059E-7	1E-7
105	1.3674151294E-7	1E-7
106	1.3690643469E-7	1E-7
107	1.3705496407E-7	1E-7
108	1.3718690752E-7	1E-7
109	1.3730208512E-7	1E-7
110	1.3740033085E-7	1E-7
111	1.3748149274E-7	1E-7
112	1.3754543306E-7	1E-7
113	1.3759203024E-7	1E-7
114	1.3762117299E-7	1E-7
115	1.376327671E-7	1E-7
116	1.376327671E-7	1E-7
117	1.376327671E-7	1E-7
118	1.376327671E-7	1E-7
119	1.376327671E-7	1E-7
120	1.376327671E-7	1E-7
121	1.376327671E-7	1E-7
122	1.376327671E-7	1E-7
123	1.376327671E-7	1E-7
124	1.376327671E-7	1E-7
125	1.376327671E-7	1E-7
126	1.376327671E-7	1E-7
127	1.376327671E-7	1E-7
128	1.376327671E-7	1E-7
129	1.376327671E-7	1E-7
130	1.376327671E-7	1E-7
131	1.376327671E-7	1E-7
132	1.376327671E-7	1E-7
133	1.376327671E-7	1E-7
134	1.376327671E-7	1E-7
135	1.376327671E-7	1E-7
136	1.376327671E-7	1E-7
137	1.376327671E-7	1E-7
138	1.376327671E-7	1E-7
139	1.376327671E-7	1E-7
140	1.376327671E-7	1E-7
141	1.376327671E-7	1E-7
142	1.376327671E-7	1E-7
143	1.376327671E-7	1E-7
144	1.376327671E-7	1E-7
145	1.376327671E-7	1E-7
146	1.376327671E-7	1E-7
147	1.376327671E-7	1E-7
148	1.376327671E-7	1E-7
149	1.376327671E-7	1E-7
150	1.376327671E-7	1E-7
151	1.376327671E-7	1E-7
152	1.376327671E-7	1E-7
153	1.376327671E-7	1E-7
154	1.376327671E-7	1E-7
155	1.376327671E-7	1E-7
156	1.376327671E-7	1E-7
157	1.376327671E-7	1E-7
158	1.376327671E-7	1E-7
159	1.376327671E-7	1E-7
160	1.376327671E-7	1E-7
161	1.376327671E-7	1E-7
162	1.376327671E-7	1E-7
163	1.376327671E-7	1E-7
164	1.376327671E-7	1E-7
165	1.376327671E-7	1E-7
166	1.376327671E-7	1E-7
167	1.376327671E-7	1E-7
168	1.376327671E-7	1E-7
169	1.376327671E-7	1E-7
170	1.376327671E-7	1E-7
171	1.376327671E-7	1E-7
172	1.376327671E-7	1E-7
173	1.376327671E-7	1E-7
174	1.376327671E-7	1E-7
175	1.376327671E-7	1E-7
176	1.376327671E-7	1E-7
177	1.376327671E-7	1E-7
178	1.376327671E-7	1E-7
179	1.376327671E-7	1E-7
180	1.376327671E-7	1E-7
181	1.376327671E-7	1E-7
182	1.376327671E-7	1E-7
183	1.376327671E-7	1E-7
184	1.376327671E-7	1E-7
185	1.376327671E-7	1E-7
186	1.376327671E-7	1E-7
187	1.376327671E-7	1E-7
188	1.376327671E-7	1E-7
189	1.376327671E-7	1E-7
190	1.376327671E-7	1E-7
191	1.376327671E-7	1E-7
192	1.376327671E-7	1E-7
193	1.376327671E-7	1E-7
194	1.376327671E-7	1E-7
195	1.376327671E-7	1E-7
196	1.376327671E-7	1E-7
197	1.376327671E-7	1E-7
198	1.376327671E-7	1E-7
199	1.376327671E-7	1E-7
200	1.376327671E-7	1E-7
201	1.376327671E-7	1E-7
202	1.376327671E-7	1E-7
203	1.376327671E-7	1E-7
204	1.376327671E-7	1E-7
205	1.376327671E-7	1E-7
206	1.376327671E-7	1E-7
207	1.376327671E-7	1E-7
208	1.376327671E-7	1E-7
209	1.376327671E-7	1E-7
210	1.376327671E-7	1E-7
211	1.376327671E-7	1E-7
212	1.376327671E-7	1E-7
213	1.376327671E-7	1E-7
214	1.376327671E-7	1E-7
215	1.376327671E-7	1E-7
216	1.376327671E-7	1E-7
217	1.376327671E-7	1E-7
218	1.376327671E-7	1E-7
219	1.376327671E-7	1E-7
220	1.376327671E-7	1E-7
221	1.376327671E-7	1E-7
222	1.376327671E-7	1E-7
223	1.376327671E-7	1E-7
224	1.376327671E-7	1E-7
225	1.376327671E-7	1E-7
226	1.376327671E-7	1E-7
227	1.376327671E-7	1E-7
228	1.376327671E-7	1E-7
229	1.376327671E-7	1E-7
230	1.376327671E-7	1E-7
231	1.376327671E-7	1E-7
232	1.376327671E-7	1E-7
233	1.376327671E-7	1E-7
234	1.376327671E-7	1E-7
235	1.376327671E-7	1E-7
236	1.376327671E-7	1E-7
237	1.376327671E-7	1E-7
238	1.376327671E-7	1E-7
239	1.376327671E-7	1E-7
240	1.376327671E-7	1E-7
241	1.376327671E-7	1E-7
242	1.376327671E-7	1E-7
243	1.376327671E-7	1E-7
244	1.376327671E-7	1E-7
245	1.376327671E-7	1E-7
246	1.376327671E-7	1E-7
247	1.376327671E-7	1E-7
248	1.376327671E-7	1E-7
249	1.3764435595E-7	1E-7
250	1.3767347764E-7	1E-7
251	1.3772002986E-7	1E-7
252	1.377838986E-7	1E-7
253	1.3786496484E-7	1E-7
254	1.379630985E-7	1E-7
255	1.380781603E-7	1E-7
256	1.3821000168E-7	1E-7
257	1.3835846485E-7	1E-7
258	1.3852338278E-7	1E-7
259	1.3870457919E-7	1E-7
260	1.3890186858E-7	1E-7
261	1.391150562E-7	1E-7
262	1.3934393805E-7	1E-7
263	1.3958830092E-7	1E-7
264	1.3984792236E-7	1E-7
265	1.4012257071E-7	1E-7
266	1.4041200511E-7	1E-7
267	1.4071597551E-7	1E-7
268	1.4103422268E-7	1E-7
269	1.4136647828E-7	1E-7
270	1.4171246486E-7	1E-7
271	1.4207189588E-7	1E-7
272	1.424444758E-7	1E-7
273	1.4282990011E-7	1E-7
274	1.4322785539E-7	1E-7
275	1.4363801938E-7	1E-7
276	1.4406006106E-7	1E-7
277	1.4449364074E-7	1E-7
278	1.4493841016E-7	1E-7
279	1.4539401258E-7	1E-7
280	1.4586008292E-7	1E-7
281	1.4633624788E-7	1E-7
282	1.4682212606E-7	1E-7
283	1.4731732814E-7	1E-7
284	1.4782145704E-7	1E-7
285	1.4833410806E-7	1E-7
286	1.488548691E-7	1E-7
287	1.4938332088E-7	1E-7
288	1.4991903706E-7	1E-7
289	1.5046158457E-7	1E-7
290	1.5101052377E-7	1E-7
291	1.5156540873E-7	1E-7
292	1.5212578747E-7	1E-7
293	1.5269120224E-7	1E-7
294	1.5326118981E-7	1E-7
295	1.5383528175E-7	1E-7
296	1.5441300471E-7	1E-7
297	1.549938808E-7	1E-7
298	1.5557742784E-7	1E-7
299	1.5616315976E-7	1E-7
300	1.5675058688E-7	1E-7
301	1.5733921633E-7	1E-7
302	1.5792855237E-7	1E-7
303	1.5851809675E-7	1E-7
304	1.5910734915E-7	1E-7
305	1.596958075E-7	1E-7
306	1.6028296842E-7	1E-7
307	1.6086832758E-7	1E-7
308	1.6145138013E-7	1E-7
309	1.6203162113E-7	1E-7
310	1.6260854591E-7	1E-7
311	1.6318165053E-7	1E-7
312	1.6375043219E-7	1E-7
313	1.6431438968E-7	1E-7
314	1.6487302374E-7	1E-7
315	1.6542583758E-7	1E-7
316	1.6597233723E-7	1E-7
317	1.66512032E-7	1E-7
318	1.6704443493E-7	1E-7
319	1.675690632E-7	1E-7
320	1.6808543854E-7	1E-7
321	1.6859308768E-7	1E-7
322	1.6909154277E-7	1E-7
323	1.6958034179E-7	1E-7
324	1.7005902896E-7	1E-7
325	1.7052715517E-7	1E-7
326	1.7098427838E-7	1E-7
327	1.7142996401E-7	1E-7
328	1.7186378534E-7	1E-7
329	1.7228532391E-7	1E-7
330	1.7269416989E-7	1E-7
331	1.7308992245E-7	1E-7
332	1.7347219016E-7	1E-7
333	1.738405913E-7	1E-7
334	1.7419475426E-7	1E-7
335	1.7453431783E-7	1E-7
336	1.7485893159E-7	1E-7
337	1.7516825619E-7	1E-7
338	1.7546196367E-7	1E-7
339	1.757397378E-7	1E-7
340	1.7600127431E-7	1E-7
341	1.7624628123E-7	1E-7
342	1.7647447913E-7	1E-7
343	1.766856014E-7	1E-7
344	1.7687939446E-7	1E-7
345	1.7705561803E-7	1E-7
346	1.7721404538E-7	1E-7
347	1.7735446345E-7	1E-7
348	1.7747667316E-7	1E-7
349	1.7758048952E-7	1E-7
350	1.7766574183E-7	1E-7
351	1.7773227386E-7	1E-7
352	1.7777994579E-7	1E-7
353	1.7780862817E-7	1E-7
354	1.7781821815E-7	1E-7
355	1.7781821815E-7	1E-7
356	1.7781821815E-7	1E-7
357	1.7781821815E-7	1E-7
358	1.7781821815E-7	1E-7
359	1.7781821815E-7	1E-7
360	1.7781821815E-7	1E-7
361	1.7781821815E-7	1E-7
362	1.7781821815E-7	1E-7
363	1.7781821815E-7	1E-7
364	1.7781821815E-7	1E-7
365	1.7781821815E-7	1E-7
366	1.7781821815E-7	1E-7
367	1.7781821815E-7	1E-7
368	1.7781821815E-7	1E-7
369	1.7781821815E-7	1E-7
370	1.7781821815E-7	1E-7
371	1.7781821815E-7	1E-7
372	1.7781821815E-7	1E-7
373	1.7781821815E-7	1E-7
374	1.7781821815E-7	1E-7
375	1.7781821815E-7	1E-7
376	1.7781821815E-7	1E-7
377	1.7781821815E-7	1E-7
378	1.7781821815E-7	1E-7
379	1.7781821815E-7	1E-7
380	1.7781821815E-7	1E-7
381	1.7781821815E-7	1E-7
382	1.7781821815E-7	1E-7
383	1.7781821815E-7	1E-7
384	1.7781821815E-7	1E-7
385	1.7781821815E-7	1E-7
386	1.7781821815E-7	1E-7
387	1.7781821815E-7	1E-7
388	1.7781821815E-7	1E-7
389	1.7781821815E-7	1E-7
390	1.7781821815E-7	1E-7
391	1.7781821815E-7	1E-7
392	1.7781821815E-7	1E-7
393	1.7781821815E-7	1E-7
394	1.7781821815E-7	1E-7
395	1.7781821815E-7	1E-7
396	1.7781821815E-7	1E-7
397	1.7781821815E-7	1E-7
398	1.7781821815E-7	1E-7
399	1.7781821815E-7	1E-7
400	1.7781821815E-7	1E-7
401	1.7781821815E-7	1E-7
402	1.7781821815E-7	1E-7
403	1.7781821815E-7	1E-7
404	1.7781821815E-7	1E-7
405	1.7781821815E-7	1E-7
406	1.7781821815E-7	1E-7
407	1.7781821815E-7	1E-7
408	1.7781821815E-7	1E-7
409	1.7781821815E-7	1E-7
410	1.7781821815E-7	1E-7
411	1.7781821815E-7	1E-7
412	1.7781821815E-7	1E-7
413	1.7781821815E-7	1E-7
414	1.7781821815E-7	1E-7
415	1.7781821815E-7	1E-7
416	1.7781821815E-7	1E-7
417	1.7781821815E-7	1E-7
418	1.7781821815E-7	1E-7
419	1.7781821815E-7	1E-7
420	1.7781821815E-7	1E-7
421	1.7781821815E-7	1E-7
422	1.7781821815E-7	1E-7
423	1.7781821815E-7	1E-7
424	1.7781821815E-7	1E-7
425	1.7781821815E-7	1E-7
426	1.7781821815E-7	1E-7
427	1.7781821815E-7	1E-7
428	1.7781821815E-7	1E-7
429	1.7781821815E-7	1E-7
430	1.7781821815E-7	1E-7
431	1.7781821815E-7	1E-7
432	1.7781821815E-7	1E-7
433	1.7781821815E-7	1E-7
434	1.7781821815E-7	1E-7
435	1.7781821815E-7	1E-7
436	1.7781821815E-7	1E-7
437	1.7781821815E-7	1E-7
438	1.7781821815E-7	1E-7
439	1.7781821815E-7	1E-7
440	1.7781821815E-7	1E-7
441	1.7781821815E-7	1E-7
442	1.7781821815E-7	1E-7
443	1.7781821815E-7	1E-7
444	1.7781821815E-7	1E-7
445	1.7781821815E-7	1E-7
446	1.7781821815E-7	1E-7
447	1.7781821815E-7	1E-7
448	1.7781821815E-7	1E-7
449	1.7781821815E-7	1E-7
450	1.7781821815E-7	1E-7
451	1.7781821815E-7	1E-7
452	1.7781821815E-7	1E-7
453	1.7781821815E-7	1E-7
454	1.7781821815E-7	1E-7
455	1.7781821815E-7	1E-7
456	1.7781821815E-7	1E-7
457	1.7781821815E-7	1E-7
458	1.7781821815E-7	1E-7
459	1.7781821815E-7	1E-7
460	1.7781821815E-7	1E-7
461	1.7781821815E-7	1E-7
462	1.7781821815E-7	1E-7
463	1.7781821815E-7	1E-7
464	1.7781821815E-7	1E-7
465	1.7781821815E-7	1E-7
466	1.7781821815E-7	1E-7
467	1.7781821815E-7	1E-7
468	1.7781821815E-7	1E-7
469	1.7781821815E-7	1E-7
470	1.7781821815E-7	1E-7
471	1.7781821815E-7	1E-7
472	1.7781821815E-7	1E-7
473	1.7781821815E-7	1E-7
474	1.7781821815E-7	1E-7
475	1.7781821815E-7	1E-7
476	1.7781821815E-7	1E-7
477	1.7781821815E-7	1E-7
478	1.7781821815E-7	1E-7
479	1.7781821815E-7	1E-7
480	1.7781821815E-7	1E-7
